9
0 0 0 200 120 0 
0 200 0 20 55.1020408163265 108.163265306122 
120 0 20 0 41.7391304347826 130.434782608696 
120 0 100 0 82.7586206896552 62.0689655172414 
20 0 100 0 50 180 
55.1020408163265 108.163265306122 41.7391304347826 130.434782608696 31.8181818181818 70.9090909090909 
55.1020408163265 108.163265306122 82.7586206896552 62.0689655172414 65.3846153846154 124.615384615385 
41.7391304347826 130.434782608696 82.7586206896552 62.0689655172414 50 180 
31.8181818181818 70.9090909090909 65.3846153846154 124.615384615385 50 180 
