19
91.7647058823529 70.5882352941177 128.275862068965 82.7586206896552 111.818181818182 54.5454545454545 
128.275862068965 82.7586206896552 104.117647058824 74.7058823529412 118.926829268293 66.7317073170732 
128.275862068965 82.7586206896552 49.5652173913043 56.5217391304348 80 0 
128.275862068965 82.7586206896552 150 90 141.923076923077 106.153846153846 
128.275862068965 82.7586206896552 75 65 102.105263157895 37.8947368421053 
104.117647058824 74.7058823529412 75 65 20 120 
49.5652173913043 56.5217391304348 75 65 10 130 
49.5652173913043 56.5217391304348 60 60 60 37.1428571428572 
111.818181818182 54.5454545454545 124.444444444444 44.4444444444444 80 0 
80 0 118.926829268293 66.7317073170732 137 57 
80 0 141.923076923077 106.153846153846 156.666666666667 76.6666666666667 
80 0 102.105263157895 37.8947368421053 110 30 
118.926829268293 66.7317073170732 102.105263157895 37.8947368421053 20 120 
80 0 102.105263157895 37.8947368421053 10 130 
137 57 110 30 20 120 
80 0 110 30 10 130 
71.0047846889952 92.5358851674641 20 120 55.6521739130435 84.3478260869565 
39.2828685258964 75.6175298804781 10 130 55.6521739130435 84.3478260869565 
50 170 120 170 98.4615384615385 175.384615384615 
